New Sphere created
Radius: 1.0
Area: 12.566370614359172
Volume: 4.1887902047863905

New Ball created
Radius: 2.0
Color: red
Area: 50.26548245743669
Volume: 33.510321638291124

New MyBall created
Radius: 4.0
Color: red
Owner: Brady
Area: 201.06192982974676
Volume: 268.082573106329

